seedNSD   2023-03-15_11:07:16  [0.042 0.167 0.    0.333 0.083 0.167 0.208 0.   ]
seed008   2023-03-15_11:13:01  [0.007 0.083 0.148 0.105 0.175 0.183 0.131 0.168]
seed010   2023-03-15_11:26:07  [0.251 0.134 0.291 0.002 0.117 0.135 0.05  0.021]
seed011     2023-03-15_12:03:36  [0.275 0.045 0.076 0.418 0.001 0.05  0.085 0.05 ]
seed011     2023-03-15_12:24:32  [0.275 0.045 0.076 0.418 0.001 0.05  0.085 0.05 ]
seedNSD     2023-03-15_12:31:07  [0.042 0.167 0.    0.333 0.083 0.167 0.208 0.   ]
seedNSD     2023-03-15_12:33:05  [0.042 0.167 0.    0.333 0.083 0.167 0.208 0.   ]
seed012     2023-03-15_12:50:00  [0.086 0.124 0.044 0.309 0.137 0.279 0.001 0.022]
seed015     2023-03-15_12:52:33  [0.057 0.062 0.028 0.091 0.043 0.321 0.2   0.198]
seedNSD     2023-03-15_13:00:26  [0.042 0.167 0.    0.333 0.083 0.167 0.208 0.   ]
