seed018     2023-03-15_13:06:11  [0.016 0.435 0.027 0.032 0.088 0.124 0.2   0.078]
seed010     2023-03-15_13:16:57  [0.364 0.195 0.    0.002 0.17  0.197 0.073 0.   ]
seed011     2023-03-15_13:17:07  [0.315 0.052 0.    0.478 0.001 0.058 0.097 0.   ]
seed010     2023-03-15_13:45:02  [0.364 0.195 0.    0.002 0.17  0.197 0.073 0.   ]
seed000     2023-03-15_13:47:03  [0.215 0.049 0.    0.273 0.228 0.119 0.116 0.   ]
seed001     2023-03-15_13:49:49  [0.198 0.074 0.    0.131 0.105 0.28  0.212 0.   ]
seed002     2023-03-15_13:52:03  [0.079 0.011 0.    0.312 0.341 0.16  0.096 0.   ]
seed003     2023-03-15_13:54:14  [0.372 0.091 0.    0.388 0.058 0.074 0.017 0.   ]
seed004     2023-03-15_13:56:27  [0.013 0.128 0.    0.178 0.107 0.407 0.166 0.   ]
seed005     2023-03-15_13:58:41  [0.122 0.091 0.    0.07  0.03  0.436 0.251 0.   ]
seed006     2023-03-15_14:00:56  [0.048 0.113 0.    0.139 0.385 0.141 0.174 0.   ]
seed007     2023-03-15_14:03:09  [5.037e-01 1.388e-01 0.000e+00 1.215e-01 2.350e-01 5.958e-04 2.979e-04 0.000e+00]
seed008     2023-03-15_14:05:21  [0.01  0.121 0.    0.154 0.255 0.268 0.192 0.   ]
seed009     2023-03-15_14:07:31  [3.731e-04 1.082e-01 0.000e+00 4.851e-03 1.410e-01 1.795e-01 5.660e-01 0.000e+00]
seed010     2023-03-15_14:09:42  [0.364 0.195 0.    0.002 0.17  0.197 0.073 0.   ]
seed011     2023-03-15_14:11:55  [0.315 0.052 0.    0.478 0.001 0.058 0.097 0.   ]
seed012     2023-03-15_14:14:07  [0.092 0.132 0.    0.33  0.146 0.298 0.001 0.   ]
seed013     2023-03-15_14:16:21  [0.138 0.147 0.    0.088 0.261 0.103 0.262 0.   ]
seed014     2023-03-15_14:18:33  [0.29  0.015 0.    0.013 0.374 0.027 0.28  0.   ]
seed015     2023-03-15_14:20:44  [0.073 0.08  0.    0.118 0.056 0.415 0.258 0.   ]
seed016     2023-03-15_14:22:58  [0.029 0.342 0.    0.015 0.276 0.139 0.199 0.   ]
seed017     2023-03-15_14:25:11  [0.044 0.294 0.    0.181 0.164 0.299 0.018 0.   ]
seed018     2023-03-15_14:27:26  [0.018 0.486 0.    0.036 0.098 0.138 0.224 0.   ]
seed019     2023-03-15_14:29:38  [0.078 0.119 0.    0.142 0.212 0.086 0.364 0.   ]
seed020     2023-03-15_14:31:51  [0.147 0.033 0.    0.39  0.181 0.093 0.156 0.   ]
seedNSD     2023-03-16_02:04:36  [0.042 0.167 0.    0.333 0.083 0.167 0.208 0.   ]
seedNSD     2023-03-16_12:48:35  [0.042 0.167 0.    0.333 0.083 0.167 0.208 0.   ]
